i|1|
i|1|
i|1|
i|1|
i|1|
i|1|
i|1|
i|1|
i|1|
i|1|
i|1|
i|1|
i|1|
i|1|
i|1|
i|1|
i|1|
i|1|
i|1|
|1|
|1|
|1|
|1|
|1|
|1|
|1|
|1|
|1|
|1|
|1|
|1|
|1|
|1|
i|1|
|1|
|1|
|1|
|1|
i|1|
|1|
|1|
|1|
|1|
|1|
|1|
|1|
|1|
|1|
|1|
|1|
|1|
|1|
|1|
|1|
|1|
|1|
|1|
|1|
|1|
|1|
|1|
i|1|
|1|
|1|
|1|
|1|
|1|
|1|
|1|
|1|
|1|
|1|
|1|
|1|
|1|
|1|
|1|
|1|
|1|
|1|
|1|
|1|
|1|
|1|
|1|
|1|
i|1|
|1|
|1|
|1|
|1|
|1|
|1|
|1|
|1|
|1|
|1|
|1|
|1|
|1|
|1|
|1|
|1|
|1|
|1|
|1|
|1|
|1|
|1|
|1|
|1|
|1|
|1|
|1|
|1|
|1|
|1|
|1|
|1|
|1|
|1|
|1|
|1|
|1|
|1|
|1|
|1|
|1|
|1|
|1|
|1|
|1|
|1|
|1|
|1|
Well hello there. This file is not finished yet ;)|1|
|1|
|1|
|1|
|1|
|1|
|1|
|1|
|1|
|1|
|1|
Mu hah hah hah|1|
|0|
